29006482,
 29006426,
 60214747,
 61832943,
 335886722,
 293186405,
 123752235,
 61836724,
 199657,
 86002348,
 98806881,
 199676,
 2309659180,
 349088725,
 78185943,
 1523533148,
 199578,
 199555,
 93025635,
 378034,
 199630,
 33236715,
 3247534287,
 33236698,
 199714,
 394514,
 199554,
 1438440,
 835947132,
 1986058,
 378478,
 6266012505,
 378982,
 33469810,
 400877,
 33472670,
 378476,
 1521667613,
 393530,
 17314597,
 17314578,
 1468355127,
 33469876,
 32452325,
 68227268,
 33199276,
 342051037,
 106013175,
 354936108,
 68175583,
 213287619,
 33471568,
 34166935,
 60631873,
 64976837,
 60631904,
 199556,
 60957673,
 60957701,
 289862055,
 34978472,
 33470206,
 378973,
 199664,
 33344236,
 61923120,
 199557,
 600206222,
 259679451,
 99109994,
 60730742,
 199663,
 24950468,
 24950515,
 1170707214